100 0 13 14 15 101 6 18
101 0 102 141
141 0 101
141 0 21
102 0 103	
102 0 110
103 0 104	
103 0 105	
103 0 106	
103 0 107	
103 0 108	
103 0 109 18	
110 0 22 14 111 15 39 2 14 111 15 101 6 18	
111 0 112 1 113	
112 0 9	
112 0 10	
112 0 11	
112 0 12	
113 0 19 111	
113 0 21
104 0 112 114 18	
114 0 1 115	
115 0 19 114
115 0 21
105 0 116 39 117 18
106 0 118 39 119 18
116 0 1
118 0 14 114 15
117 0 120	
117 0 121	
117 0 109	
119 0 121
119 0 109	
121 0 29 1	
107 0 20 16 123 17 103 124 125
125 0 8 18	
125 0 7 103 124 8 18	
124 0 103 124	
124 0 21	
108 0 23 16 1 17 18
108 0 24 16 1 17 18	
109 0 2 16 126 17	
126 0 127 128	
126 0 21
128 0 19 127 128	
128 0 21
120 0 129 142	
142 0 130 120
142 0 21			
129 0 131 143	
143 0 132 129
143 0 21	
131 0 16 120 17
131 0 127	
130 0 25	
130 0 26
132 0 27	
132 0 28
123 0 16 123 17 133 16 123 17	
123 0 134 135 134
123 0 32 16 123 17
134 0 1
134 0 3	
134 0 4
127 0 1 136
127 0 3
127 0 4
127 0 5
127 0 137
137 0 14 138 15
138 0 139 122	
122 0 18 138
122 0 21
139 0 3 140
140 0 19 3 140
140 0 21
136 0 14 3 19 3 15
136 0 21
133 0 30	
133 0 31	
135 0 33	
135 0 34	
135 0 35	
135 0 36	
135 0 37	
135 0 38
