100 0 666
101 0 6
141 0 6
102 0 9 10 11 12 14 23 24 1 2 20 22 6
103 0 9 10 11 12 14 23 24 1 2 20 8 7 22 6
110 0 9 10 11 12 14 23 24 1 2 20 22 6
111 0 15
112 0 1
113 0 15
104 0 9 10 11 12 14 23 24 1 2 20 8 7 22 6
114 0 15 18
115 0 15 18
105 0 9 10 11 12 14 23 24 1 2 20 8 7 22 6
106 0 9 10 11 12 14 23 24 1 2 20 8 7 22 6
116 0 39
118 0 39
117 0 18
119 0 18
121 0 18
107 0 9 10 11 12 14 23 24 1 2 20 8 7 22 6
125 0 9 10 11 12 14 23 24 1 2 20 8 7 22 6
124 0 8 7
108 0 9 10 11 12 14 23 24 1 2 20 8 7 22 6
109 0 18
126 0 17
128 0 17
120 0 17 18
142 0 17 18
129 0 25 26 17 18
143 0 25 26 17 18
131 0 27 28 25 26 17 18
130 0 16 1 3 4 5 14
132 0 16 1 3 4 5 14
123 0 17
134 0 33 34 35 36 37 38 17
127 0 19 27 28 25 26 17 18
137 0 19 27 28 25 26 17 18
138 0 15
122 0 15
139 0 18 15
140 0 18 15
136 0 19 27 28 25 26 17 18
133 0 16
135 0 1 3 4