100 : 666 
101 : 6 
102 : 9 10 11 12 14 23 24 1 2 20 22 6 
103 : 9 10 11 12 14 23 24 1 2 20 8 7 22 6 
104 : 9 10 11 12 14 23 24 1 2 20 8 7 22 6 
105 : 9 10 11 12 14 23 24 1 2 20 8 7 22 6 
106 : 9 10 11 12 14 23 24 1 2 20 8 7 22 6 
107 : 9 10 11 12 14 23 24 1 2 20 8 7 22 6 
108 : 9 10 11 12 14 23 24 1 2 20 8 7 22 6 
109 : 18 
110 : 9 10 11 12 14 23 24 1 2 20 22 6 
111 : 15 
112 : 1 
113 : 15 
114 : 15 18 
115 : 15 18 
116 : 39 
117 : 18 
118 : 39 
119 : 18 
120 : 17 18 
121 : 18 
122 : 15 
123 : 17 
124 : 8 7 
125 : 9 10 11 12 14 23 24 1 2 20 8 7 22 6 
126 : 17 
127 : 19 27 28 25 26 17 18 
128 : 17 
129 : 25 26 17 18 
130 : 16 1 3 4 5 14 
131 : 27 28 25 26 17 18 
132 : 16 1 3 4 5 14 
133 : 16 
134 : 33 34 35 36 37 38 17 
135 : 1 3 4 
136 : 19 27 28 25 26 17 18 
137 : 19 27 28 25 26 17 18 
138 : 15 
139 : 18 15 
140 : 18 15 
141 : 6 
142 : 17 18 
143 : 25 26 17 18 
