1 1 
2 2 
3 3 
4 4 
5 5 
6 6 
7 7 
8 8 
9 9 
10 10 
11 11 
12 12 
13 13 
14 14 
15 15 
16 16 
17 17 
18 18 
19 19 
20 20 
21 21 
22 22 
23 23 
24 24 
25 25 
26 26 
27 27 
28 28 
29 29 
30 30 
31 31 
32 32 
33 33 
34 34 
35 35 
36 36 
37 37 
38 38 
39 39 
100 13 
101 1 2 9 10 11 12 14 20 22 23 24 
102 1 2 9 10 11 12 14 20 23 24 22 
103 9 10 11 12 1 14 20 23 24 2 
104 9 10 11 12 
105 1 
106 14 
107 20 
108 23 24 
109 2 
110 22 
111 9 10 11 12 
112 9 10 11 12 
113 19 21 
114 1 
115 19 21 
116 1 
117 1 3 4 5 14 16 29 2 
118 14 
119 29 2 
120 1 3 4 5 14 16 
121 29 
122 18 21 
123 16 1 3 4 32 
124 1 2 9 10 11 12 14 20 23 24 21 
125 8 7 
126 1 3 4 5 14 21 
127 1 3 4 5 14 
128 19 21 
129 1 3 4 5 14 16 
130 25 26 
131 16 1 3 4 5 14 
132 27 28 
133 30 31 
134 1 3 4 
135 33 34 35 36 37 38 
136 14 21 
137 14 
138 3 
139 3 
140 19 21 
141 1 2 9 10 11 12 14 20 22 23 24 21 
142 25 26 21 
143 27 28 21 
